[gd_scene load_steps=7 format=2]

[ext_resource path="res://assets/dev_textures/Orange/texture_13.png" type="Texture" id=1]

[sub_resource type="PrismMesh" id=1]
left_to_right = 0.0

[sub_resource type="SpatialMaterial" id=6]
albedo_texture = ExtResource( 1 )

[sub_resource type="SpatialMaterial" id=5]
albedo_texture = ExtResource( 1 )

[sub_resource type="BoxShape" id=2]
extents = Vector3( 4.68473, 4.69682, 0.001 )

[sub_resource type="BoxShape" id=3]
extents = Vector3( 20.0919, 4.47523, 0.0143433 )

[node name="Ramp" type="StaticBody"]

[node name="MeshInstance" type="MeshInstance" parent="."]
transform = Transform( 1, 0, 0, 0, 1, 0, 0, 0, 20, 0, 0, 0 )
mesh = SubResource( 1 )
material/0 = SubResource( 6 )

[node name="MeshInstance2" type="MeshInstance" parent="."]
transform = Transform( -1.62921e-07, 0, -4, 0, 1, 0, 1, 0, -6.51683e-07, 3.03759, 0, -19.0759 )
mesh = SubResource( 1 )
material/0 = SubResource( 5 )

[node name="MeshInstance3" type="MeshInstance" parent="."]
transform = Transform( -4.37114e-08, 0, 4, 0, 1, 0, -1, 0, -1.74846e-07, 3.038, 0, 19.076 )
mesh = SubResource( 1 )
material/0 = SubResource( 5 )

[node name="CollisionShape" type="CollisionShape" parent="."]
transform = Transform( 1, 0, 0, 0, 0.707107, 0.707107, 0, -0.707107, 0.707107, 2.33949, 0, -19.0588 )
shape = SubResource( 2 )

[node name="CollisionShape3" type="CollisionShape" parent="."]
transform = Transform( -1, 6.18172e-08, -6.18172e-08, 0, 0.707107, 0.707107, 8.74228e-08, 0.707107, -0.707107, 2.339, 0, 19.059 )
shape = SubResource( 2 )

[node name="CollisionShape2" type="CollisionShape" parent="."]
transform = Transform( -4.37114e-08, -0.707107, 0.707107, 0, 0.707107, 0.707107, -1, 3.09086e-08, -3.09086e-08, 0, 0, 0 )
shape = SubResource( 3 )
